0000011000000000000000000000000000000000000
0000111100000000000000000000000000000000000
0001111110000000000000000000000000000000000
0011110010000000000000000000000000000000000
0111100000000000000000000000000000000000000
1111000000000000000000000000000000000000000
1110000000001111110000000000000000000000000
0100000000011111111111100000000000000000000
0000000000000011111111111000000000000000000
0000000000000000000000111110000000000000000
0000000000000000000000011111100000000000000
0000000000000000000111111011111110000000000
0000000000000000000111110000011111111111000
0000000000000000000000000000000000001111100
0000000000000000000000000000000000000011110
0000000000000000000000000000000000000001110
0000000000000000000000000000000000000011100
0000000000000000000000000000000000111111000
0000000000000000000000000000000111111100000
0000000000000000000000000001111111100000000
0000000000000000000000000111111000000000000
0000000000000000000000011111000000000000000
0000000000000000000011111100000000000000000
0000000000000000000111110000000000000000000
0000000000000000001111000000000000000000000
0000000000000000011111000000000001110000000
0000000000000000111100000000000111000000000
0000000000000001111000000000001110000000000
0000000000000011110000000000011100000000000
0000000000000111100000000000111000000000000
0000000000001111100000000000111111111000000
0000000000001111000000000001111100111100000
0000000000011110000000000001111000011110000
0000000000011110000000000001111000001110000
0000000000001100000000000001110000001110000
0000000000000000000000000000110000000110000
0000000000000000000000000000111000001110000
0000000000000000000000000000011100011100000
0000000000000000000000000000001111111000000
0000000000000000000000000000000111110000000;